22 14 21
48 11 22
16 23 6
22 11 48
14 36 23
14 23 54
14 6 37
14 26 23
22 14 11
14 23 47
46 48 11
14 47 6
20 16 21
51 23 14
23 14 17
47 14 21
14 17 39
23 14 46
11 21 23
14 22 21
21 16 23
21 23 26
36 14 23
14 21 23
14 20 21
48 11 23
6 23 54
6 23 16
12 50 30
26 14 11
14 47 21
14 22 23
16 14 46
11 22 14
11 48 22
21 23 16
21 14 23
47 14 23
15 23 14
14 21 36
21 14 49
11 48 36
14 23 22
21 49 23
23 21 16
14 26 23
21 20 23
21 14 22
14 26 11
21 14 20
21 14 16
14 47 16
23 14 26
11 22 48
21 14 23
21 23 16
48 22 45
23 11 14
14 21 12
23 16 14
14 11 17
23 16 22
14 47 11
14 23 26
11 23 46
14 21 54
14 48 22
14 23 26
21 20 14
36 14 23
54 21 11
36 46 14
23 16 21
21 23 26
16 23 21
20 14 51
49 55 51
6 14 37
48 16 11
21 23 6
48 47 45
21 14 54
49 14 21
14 23 20
21 51 23
23 11 22
21 11 12
14 47 11
16 47 22
14 23 12
14 22 36
36 14 23
23 15 36
47 48 14
14 11 21
20 14 43
14 23 21
17 45 23
14 23 54
36 14 23
22 14 23
47 55 15
14 23 16
23 22 21
46 47 48
47 6 48
6 14 23
47 48 6
36 14 9
6 14 37
16 47 23
14 22 11
6 21 20
23 14 15
21 23 16
23 16 14
16 11 14
48 14 6
20 14 21
23 16 6
23 6 48
23 16 6
23 21 19
47 14 46
21 16 23
12 14 23
14 36 23
47 14 6
16 23 47
21 23 14
48 45 11
23 21 16
14 23 16
48 11 16
14 47 11
46 47 14
21 16 26
14 23 16
20 14 21
17 22 9
23 14 21
14 21 22
48 22 14
36 14 48
48 16 46
14 47 22
48 14 11
14 17 21
46 12 16
14 23 54
48 45 23
48 45 11
21 23 14
14 16 23
36 14 23
21 14 51
23 21 16
14 22 17
16 23 11
6 23 21
14 17 11
14 23 54
14 46 11
47 48 45
36 23 14
20 23 21
48 14 45
22 16 21
14 23 21
23 55 37
14 21 23
14 16 21
23 16 21
14 17 16
14 11 23
22 14 46
22 21 16
36 16 23
36 46 14
14 26 23
46 21 14
48 11 47
14 17 23
21 14 22
14 23 21
21 22 14
21 23 11
14 11 54
15 16 14
23 20 21
11 14 26
23 47 42
11 14 16
21 11 22
15 26 14
21 16 23
23 16 21
55 22 23
23 14 36
11 14 23
23 11 14
51 23 16
23 14 21
47 48 45
11 22 14
21 14 51
14 23 21
14 47 15
14 21 23
48 22 11
48 11 23
16 14 21
14 23 22
22 21 23
11 14 36
14 21 11
21 14 16
23 16 6
15 14 23
47 45 14
14 16 23
49 21 23
21 26 23
21 6 23
47 14 23
21 23 16
23 48 16
21 14 17
14 12 17
21 49 23
14 22 21
14 47 16
23 16 37
36 23 14
14 23 16
14 20 21
14 22 20
48 11 13
16 23 21
14 23 47
23 16 55
47 14 48
14 23 6
11 48 14
15 14 23
12 36 51
47 23 16
23 21 14
6 14 23
11 23 39
21 14 20
36 16 23
11 22 17
15 21 23
48 45 47
48 22 6
49 51 48
47 11 23
48 47 45
47 16 46
11 48 23
21 16 20
23 48 16
46 11 47
23 9 36
47 20 23
48 47 11
47 14 48
6 23 21
47 48 11
14 16 37
14 21 23
23 6 16
36 14 23
14 47 21
48 45 23
36 14 22
11 21 12
14 20 21
23 14 36
6 11 23
14 11 21
47 14 6
14 26 23
14 21 6
14 23 22
11 14 16
16 21 6
14 15 36
14 11 26
36 23 14
23 21 14
11 22 14
14 22 23
14 21 6
14 17 11
48 47 46
16 23 11
47 23 48
21 23 16
14 6 22
23 14 22
23 6 16
47 46 12
26 14 23
11 14 46
21 14 20
14 21 23
26 14 23
14 21 12
14 26 23
21 6 22
14 20 21
14 12 50
9 23 14
6 21 14
49 12 51
36 23 48
46 11 12
23 21 14
48 47 11
21 14 23
14 21 23
14 21 11
14 21 22
21 6 14
21 23 16
23 11 14
36 23 19
14 23 21
36 17 9
11 23 39
20 14 21
14 23 15
14 11 47
48 11 47
51 49 48
14 20 6
14 21 51
23 16 14
14 23 26
48 16 22
21 20 22
48 45 21
21 23 47
21 16 23
20 11 14
47 23 48
48 11 47
23 16 55
11 46 16
14 16 48
21 14 44
26 14 15
36 22 23
23 14 15
36 14 37
46 48 47
23 14 6
21 14 36
14 23 36
21 14 22
21 20 37
14 48 54
14 21 47
14 26 15
46 22 39
14 21 23
21 14 22
23 6 11
23 11 26
36 21 14
14 12 32
16 14 23
48 47 45
21 14 11
6 23 14
16 48 22
14 22 23
21 22 11
14 20 6
14 17 23
21 6 16
21 23 14
14 23 26
14 23 21
55 6 21
21 22 16
48 11 45
48 47 11
55 37 22
21 23 14
14 21 23
21 11 14
14 49 23
11 14 23
14 11 23
20 14 37
14 21 23
14 23 36
47 16 14
21 11 37
11 48 23
21 14 23
23 21 6
21 14 23
48 11 22
21 14 23
11 22 14
14 26 23
11 14 37
14 48 23
45 14 23
14 21 23
14 21 23
48 47 36
23 14 15
23 6 21
21 14 23
11 22 21
14 21 23
26 28 14
21 26 29
11 22 20
23 14 47
11 48 47
23 47 22
15 23 21
23 15 46
20 14 21
36 14 11
20 16 21
14 23 22
21 14 32
14 21 12
46 16 14
23 16 14
21 12 14
36 11 48
21 14 23
48 45 47
23 14 21
21 14 20
21 20 22
17 14 11
23 14 36
21 23 22
20 14 21
14 16 47
14 21 20
14 6 23
46 22 38
23 6 21
16 23 14
11 14 47
21 6 23
22 21 11
47 14 21
14 11 23
14 11 23
17 14 23
14 22 21
14 21 23
21 11 22
12 14 47
16 14 15
14 23 11
46 48 14
14 23 22
14 23 17
17 14 45
11 22 21
47 16 21
21 23 14
14 23 19
46 48 47
17 14 36
21 14 20
23 16 6
23 21 36
47 48 46
21 16 6
26 11 14
14 26 23
21 20 14
11 14 47
46 23 16
47 48 14
11 21 22
23 47 11
11 14 23
54 14 15
14 16 37
14 23 36
14 21 54
6 55 21
48 47 11
23 21 36
14 20 21
48 11 47
