6 21 7
16 55 10
16 21 37
48 46 47
9 36 23
11 14 22
21 6 37
26 54 28
11 14 22
55 11 23
12 46 33
47 23 16
16 6 55
49 51 21
17 48 23
22 16 21
17 14 39
46 19 18
48 45 47
36 12 19
16 21 55
32 36 49
46 30 55
49 51 20
20 51 49
48 47 22
6 47 11
6 16 23
12 50 21
26 54 15
47 48 11
21 22 47
46 47 48
54 11 14
11 48 47
26 16 23
51 49 32
6 37 22
54 16 55
49 51 32
49 21 51
36 32 19
11 6 10
21 49 51
6 10 37
54 15 14
12 20 19
21 22 42
54 26 28
20 51 12
21 16 6
47 6 16
26 54 14
11 14 47
12 54 46
55 21 15
48 17 45
26 29 54
49 51 19
21 11 39
54 26 14
22 21 11
47 48 45
14 11 54
19 36 18
16 46 54
46 6 22
32 29 33
6 22 55
36 11 19
16 14 36
37 16 54
16 39 37
21 6 27
22 48 16
51 20 49
49 21 51
15 6 55
39 48 47
16 6 21
47 48 11
49 51 12
49 51 12
6 27 42
49 51 12
11 21 14
30 12 19
29 15 23
47 11 14
46 19 54
14 21 22
36 19 18
12 18 17
47 11 48
54 16 6
21 43 12
51 20 49
54 14 11
54 23 14
17 36 18
48 22 47
6 21 7
54 26 28
50 36 15
17 19 46
6 11 22
23 6 16
47 48 6
9 19 18
20 21 6
47 48 45
21 14 6
6 21 23
36 29 32
44 23 16
16 55 23
49 51 21
48 47 45
21 43 20
16 21 55
27 6 16
6 48 47
23 54 21
47 46 11
16 21 26
51 49 20
11 55 36
47 6 22
16 23 55
21 51 49
11 48 54
16 6 42
32 23 6
16 47 55
17 11 14
46 48 54
21 16 26
14 23 54
21 43 10
17 48 23
28 27 26
32 14 11
47 6 48
19 18 36
46 48 54
47 46 16
13 47 48
21 32 43
49 12 51
17 54 14
39 11 48
48 45 47
6 26 16
36 11 14
9 17 8
49 51 21
16 55 37
19 18 36
47 14 11
6 16 10
30 19 18
54 37 36
6 29 23
47 48 45
36 32 23
11 22 42
48 45 23
16 12 49
48 47 22
15 29 16
6 21 20
17 39 22
48 45 46
17 32 36
11 54 23
11 47 46
6 22 11
36 18 19
36 14 23
54 23 14
12 46 33
47 48 46
36 14 32
11 21 22
14 21 12
21 16 37
21 31 6
17 12 11
11 22 39
51 49 54
26 54 11
46 47 39
54 14 11
14 11 23
54 14 11
21 51 6
55 6 15
6 23 21
36 19 18
32 12 30
16 26 47
49 20 51
21 55 16
47 48 45
9 23 36
49 51 12
6 21 23
17 47 12
14 21 23
47 48 6
48 47 6
16 25 55
11 22 47
21 23 20
17 11 14
51 49 43
49 51 12
18 19 17
29 6 16
11 47 23
48 39 46
49 21 51
16 55 15
27 21 37
46 54 16
26 54 28
48 46 45
17 12 10
17 36 14
26 16 21
6 21 12
6 46 16
16 15 6
19 18 36
16 7 14
14 20 12
22 11 20
47 48 6
16 25 55
54 26 37
47 16 48
48 47 45
27 6 21
47 13 48
54 26 28
12 19 30
26 28 16
39 47 42
26 44 41
46 12 11
49 51 21
36 14 46
17 36 32
16 21 23
48 46 45
48 47 11
49 21 51
16 11 55
16 48 6
11 48 46
47 48 13
41 23 44
6 23 14
6 16 10
9 34 15
47 46 11
47 48 13
22 11 13
6 16 36
47 13 6
6 21 37
49 14 12
16 6 15
18 36 19
22 34 14
48 45 54
36 14 37
14 11 22
20 49 51
54 16 23
51 12 49
17 14 12
6 16 36
26 54 28
6 32 21
23 14 22
54 14 11
16 6 55
15 29 6
14 39 11
36 9 32
54 23 20
10 47 6
11 23 22
15 6 16
17 39 23
48 47 13
16 37 23
47 48 11
6 21 14
6 11 22
7 6 11
6 55 34
46 48 45
26 28 54
11 32 14
6 23 32
49 10 21
26 11 54
46 36 11
54 14 11
6 23 21
20 51 49
12 50 54
9 36 16
44 26 29
49 12 14
12 23 36
11 46 12
49 14 51
48 47 45
6 21 23
41 6 21
17 19 11
17 32 21
6 42 11
26 21 16
47 46 48
46 19 54
21 14 43
9 36 23
54 14 26
20 51 14
54 14 26
11 14 48
47 50 11
17 54 47
21 6 14
30 21 43
16 21 14
54 23 14
22 39 21
21 26 16
36 46 32
6 21 16
21 6 37
19 21 18
48 45 47
47 48 11
55 16 47
46 11 54
48 47 45
16 6 23
26 54 15
36 32 16
9 19 36
36 19 18
46 48 45
48 47 55
36 32 39
46 48 45
16 6 26
21 16 27
11 48 39
6 7 21
54 39 11
46 12 33
49 55 51
21 11 54
6 18 12
26 54 28
55 16 21
17 39 11
36 19 18
47 11 10
49 51 12
23 16 21
16 55 42
36 46 9
6 47 48
20 51 49
17 39 36
16 23 55
54 6 23
29 32 54
11 6 14
15 16 6
36 43 32
47 48 45
13 48 11
48 45 47
48 45 47
37 28 54
17 39 32
51 20 49
9 23 36
36 37 54
20 14 21
11 14 23
21 44 37
47 42 48
16 6 15
11 14 54
14 54 11
41 6 21
6 23 21
6 11 47
49 51 21
9 22 23
54 23 14
27 54 11
47 6 11
23 47 54
51 54 49
6 21 16
48 45 47
16 10 55
6 21 14
49 51 21
9 36 22
51 12 20
44 26 41
12 50 21
9 54 23
41 6 21
48 47 39
47 6 10
15 16 37
12 33 29
54 29 49
14 11 23
6 21 23
11 14 37
6 29 54
32 51 49
46 47 39
48 47 23
49 12 51
19 18 36
21 6 55
47 48 45
10 48 47
43 30 12
27 21 23
17 36 39
43 30 32
26 41 6
51 20 49
47 10 16
21 14 20
6 21 14
46 22 48
15 16 6
16 22 55
46 47 48
21 6 36
11 14 23
46 47 16
29 17 32
11 54 47
17 39 12
22 21 16
12 11 43
22 11 21
12 30 43
26 28 16
11 14 46
46 10 48
54 26 28
48 17 45
51 49 21
11 47 22
16 42 47
16 15 55
19 46 18
11 48 22
18 19 43
21 54 20
16 6 15
19 18 14
6 47 48
21 6 55
29 32 36
25 54 14
20 21 14
22 39 47
46 7 11
47 48 45
11 13 22
18 36 19
54 14 25
26 54 12
16 7 15
36 19 18
37 21 28
16 6 15
48 10 54
16 55 54
20 14 54
47 11 48
