21 23 37
16 47 14
16 21 37
48 46 47
14 36 11
11 14 23
21 23 14
26 14 11
11 21 22
11 14 27
46 12 48
14 47 11
16 21 23
21 49 14
17 48 45
16 21 22
17 12 46
46 19 18
48 45 46
19 12 23
21 16 22
21 49 14
36 23 14
49 51 14
51 49 21
48 47 45
47 11 48
16 23 21
12 50 11
26 11 14
48 13 47
21 22 48
46 48 47
11 14 23
48 11 47
16 21 26
21 49 14
47 14 21
21 15 48
21 49 14
49 21 14
36 23 14
11 22 46
49 21 51
21 23 29
14 15 26
20 14 21
21 14 22
26 14 11
49 20 21
16 21 37
47 14 23
11 14 26
11 48 47
46 12 14
21 16 15
48 45 17
26 28 37
49 51 21
11 14 21
14 23 11
21 22 11
48 47 45
14 11 21
36 19 14
46 16 14
46 48 47
29 14 21
21 22 11
11 12 14
48 11 36
23 14 16
47 16 23
21 23 20
48 16 45
51 49 21
49 21 51
15 21 23
48 47 45
16 21 37
48 47 11
49 21 51
49 21 51
23 42 16
49 21 51
11 21 14
12 19 43
23 14 15
14 47 11
46 19 23
21 22 14
36 19 46
12 19 36
48 47 11
47 27 55
14 20 21
51 49 21
48 14 11
14 23 11
17 14 39
48 11 22
21 16 37
14 54 11
16 15 23
17 46 19
6 11 47
16 23 21
48 11 47
36 9 14
20 21 6
47 48 14
14 21 23
21 23 14
36 23 46
21 23 37
16 55 15
21 49 14
48 45 47
20 14 21
16 23 21
27 29 26
48 47 45
23 14 21
47 14 48
16 21 26
51 20 14
23 36 11
47 48 11
16 23 21
21 14 23
48 11 14
16 23 21
23 14 49
16 47 14
47 14 11
46 48 47
16 21 23
11 23 21
20 21 14
17 48 9
26 28 14
21 14 23
48 47 13
36 19 18
48 46 47
47 46 48
48 47 45
14 17 43
49 51 12
17 54 14
23 14 11
48 45 13
21 26 16
11 12 36
36 9 49
49 21 51
16 23 37
14 36 23
47 14 11
16 6 23
23 19 21
14 9 12
23 6 16
48 47 45
36 19 9
11 14 21
48 45 14
16 21 23
48 45 47
15 55 21
21 6 23
17 14 11
48 45 16
17 14 12
11 14 21
11 47 48
21 11 22
36 23 19
36 14 11
55 14 23
46 12 48
47 48 46
36 23 9
11 21 22
14 21 11
16 21 37
23 21 14
11 17 14
11 22 21
51 49 21
11 14 26
46 47 48
14 23 11
14 11 23
14 11 23
21 51 49
21 37 15
23 16 6
36 19 23
14 12 43
16 47 26
14 49 21
21 37 16
48 47 45
14 23 11
49 21 51
14 23 21
17 14 11
21 14 23
47 48 11
48 47 45
16 23 55
11 22 48
21 23 37
14 17 11
21 14 49
49 51 21
19 18 17
16 23 21
11 47 14
14 11 48
21 49 23
16 14 47
21 6 16
46 14 23
29 27 26
48 46 45
17 12 28
17 39 19
16 21 37
14 11 12
46 12 16
16 15 23
19 36 18
16 14 23
14 21 11
11 21 14
47 48 14
16 23 55
14 23 37
48 16 11
48 45 47
27 14 23
48 47 11
27 26 12
12 19 11
26 16 23
47 14 16
21 26 16
46 12 11
21 49 51
36 14 19
17 39 12
16 23 21
48 46 45
48 45 47
21 49 51
47 16 11
48 47 11
46 48 47
48 45 47
41 44 37
11 48 14
16 14 23
16 15 55
46 47 14
48 47 45
11 48 22
16 23 6
48 47 11
21 14 6
21 14 49
23 16 48
36 19 18
22 11 14
48 45 49
36 23 14
14 11 23
51 49 21
23 14 16
21 14 49
17 11 14
16 23 21
26 11 14
21 14 23
11 14 22
14 11 23
21 16 6
15 23 55
14 11 21
36 46 21
12 14 48
48 11 14
11 14 23
15 16 54
17 39 14
48 45 47
16 21 23
48 47 45
21 23 14
11 6 48
11 16 22
6 23 16
46 48 45
26 14 23
14 11 12
14 21 23
21 16 14
23 11 14
11 36 48
14 23 11
21 23 16
20 14 21
12 38 50
36 16 23
21 23 16
49 21 14
12 11 23
46 11 12
14 21 49
48 47 11
21 14 6
21 6 41
17 11 23
14 17 23
21 37 42
21 16 23
48 46 47
46 19 18
21 14 11
9 36 14
11 14 23
14 20 21
14 23 26
11 47 14
11 48 22
17 48 45
21 14 20
14 23 21
16 21 14
14 11 23
22 11 21
21 16 37
36 46 11
21 16 26
21 37 14
23 19 18
48 45 47
48 11 47
21 16 55
46 11 14
48 47 45
16 26 21
14 26 11
16 36 46
36 19 21
19 36 48
48 46 45
48 47 14
36 14 23
46 48 45
16 23 21
16 21 20
48 47 11
21 47 22
46 11 14
46 12 11
21 16 14
21 11 14
23 12 19
26 14 11
21 16 55
11 17 12
36 19 23
48 54 45
49 21 51
23 16 37
16 21 55
36 11 23
47 48 14
21 20 14
17 39 14
21 37 16
6 23 52
29 15 14
14 11 21
16 15 23
21 14 11
48 47 45
48 45 11
48 45 23
48 45 46
37 14 21
17 39 19
51 49 21
14 11 20
36 14 23
14 21 20
11 14 23
37 21 23
47 48 46
16 15 6
11 14 54
11 14 23
21 41 23
21 37 23
48 45 47
21 14 49
14 20 54
14 26 23
14 11 23
47 48 11
48 17 14
51 49 21
21 23 37
48 45 47
16 10 15
21 6 14
49 21 51
12 11 48
14 21 51
44 21 26
21 16 12
14 11 22
44 21 41
48 47 45
48 14 6
15 16 37
12 11 23
49 12 14
11 14 23
21 20 16
14 47 23
6 21 23
14 21 11
46 48 47
48 45 54
49 21 12
36 19 14
20 37 21
48 47 45
48 11 47
12 11 21
21 16 29
17 36 39
36 23 14
21 23 26
14 20 51
47 48 45
20 21 14
23 14 16
46 48 12
15 16 23
16 23 21
46 48 47
21 23 14
11 23 14
47 46 22
17 36 23
6 11 14
17 14 11
22 21 11
11 12 21
21 22 11
12 11 21
28 26 44
14 11 46
46 48 45
14 11 23
48 17 45
21 49 14
11 21 22
16 47 48
16 15 54
46 19 17
11 48 22
19 17 18
14 20 21
16 23 21
19 14 36
48 47 11
44 21 6
29 23 14
14 54 26
21 14 20
11 14 47
46 14 11
48 45 47
21 11 22
14 36 46
14 23 54
23 26 11
15 14 16
36 23 14
37 23 21
16 6 23
48 45 13
16 21 47
20 14 21
48 11 47
