6 30 35
16 6 11
42 16 37
48 47 22
9 7 36
11 14 22
6 23 21
26 25 33
22 11 39
6 14 11
12 46 18
52 6 39
6 16 55
51 16 49
17 45 48
42 14 6
17 24 18
46 19 18
10 47 37
30 19 46
15 16 6
32 10 14
17 30 15
51 54 49
51 20 30
52 48 22
47 6 38
6 16 10
12 50 23
11 26 14
48 47 45
39 48 11
46 38 47
14 46 11
48 11 46
41 6 25
51 49 31
42 47 22
37 39 14
51 54 49
49 51 10
36 19 15
46 42 11
49 21 51
30 35 10
33 15 7
19 12 20
42 47 22
26 15 14
51 12 37
6 16 26
47 14 42
25 33 27
11 17 14
33 46 12
7 15 54
9 48 32
25 26 33
51 49 19
14 38 11
25 11 26
22 42 38
48 45 47
10 14 8
19 36 9
46 55 24
6 10 46
29 43 32
42 47 21
33 36 46
17 18 32
16 37 38
47 37 46
27 6 23
48 39 16
51 20 54
51 49 19
15 55 6
52 48 11
16 23 37
47 48 11
51 49 32
51 49 32
27 6 42
51 49 12
11 14 22
19 12 30
29 42 33
47 11 14
18 46 19
9 22 32
18 17 36
30 33 15
48 11 17
47 10 6
43 12 20
51 54 14
25 17 14
7 54 14
17 39 33
22 42 39
6 7 37
26 14 11
18 19 36
48 19 18
6 22 11
6 27 37
47 22 10
9 33 36
38 20 27
47 48 45
6 55 39
6 35 10
30 33 15
44 42 37
16 54 22
16 51 49
48 45 46
43 30 10
6 36 37
27 6 29
48 6 47
7 11 25
47 38 46
16 10 26
51 54 14
17 47 35
47 46 6
16 42 6
14 42 6
11 7 48
16 23 22
6 14 23
16 47 55
47 45 14
47 46 16
26 16 27
33 39 30
43 10 20
17 18 25
27 37 11
22 32 21
48 47 54
18 19 36
46 48 31
47 14 15
48 45 47
17 39 36
19 49 12
17 11 30
39 30 16
48 46 54
26 44 37
19 18 36
18 19 46
51 19 49
6 23 37
9 36 54
47 14 11
6 10 16
36 30 19
36 33 9
6 10 29
48 47 11
36 30 32
11 10 22
48 45 11
16 49 7
48 45 39
15 29 55
6 39 27
17 22 11
48 16 47
17 32 39
11 15 42
46 38 11
22 21 14
36 19 18
36 30 32
54 33 10
46 12 33
47 48 11
36 46 9
11 22 10
12 6 14
15 16 10
14 23 29
17 11 14
11 39 22
51 30 54
14 11 26
46 6 11
11 14 7
17 47 32
42 15 26
51 30 7
37 6 55
6 10 37
36 19 18
30 32 33
47 11 26
51 37 14
25 42 55
48 45 54
9 11 14
51 49 31
6 42 14
39 25 48
42 10 54
48 47 11
48 45 46
42 16 25
11 42 22
42 16 27
17 39 32
51 49 32
51 49 16
19 18 33
23 15 16
45 11 47
11 45 14
51 49 16
16 15 11
27 16 6
46 45 33
16 29 33
46 48 45
17 12 18
17 36 39
44 22 41
22 14 10
46 6 55
55 16 15
19 18 55
16 17 11
51 20 14
22 42 46
47 48 13
16 42 25
15 26 7
42 48 22
48 45 10
27 6 42
47 48 13
32 27 7
30 12 33
26 16 28
10 42 27
33 26 54
33 46 12
51 49 42
36 30 7
17 39 12
16 7 6
48 46 47
48 17 45
51 49 18
47 16 11
48 39 46
46 47 22
48 47 6
41 37 44
11 22 14
6 8 16
9 25 32
47 46 6
48 47 22
42 11 22
6 15 10
47 48 11
6 10 32
51 49 19
10 6 16
19 36 18
25 22 10
48 45 16
36 19 14
37 11 14
51 20 37
17 18 14
36 54 30
17 42 12
6 55 16
26 25 33
6 51 49
22 9 11
54 15 11
6 37 16
10 6 15
39 33 42
36 18 9
6 16 37
47 11 6
14 22 11
15 6 16
17 39 33
48 46 47
16 42 6
48 45 13
27 32 6
6 39 11
11 6 39
6 25 55
46 48 45
26 14 15
30 11 14
55 42 31
16 51 37
26 54 33
36 39 46
33 26 50
27 36 7
51 20 37
12 50 19
15 9 36
26 6 37
51 49 21
36 12 10
46 24 12
31 51 32
48 13 47
6 10 27
41 6 10
17 39 18
39 17 32
42 6 26
16 23 42
46 48 39
18 46 19
32 30 14
9 32 36
25 11 14
51 20 14
15 11 26
47 11 22
6 10 32
17 32 6
10 39 14
30 32 33
25 42 27
54 10 14
39 52 11
29 10 26
46 32 18
27 6 16
27 10 6
19 30 33
48 47 17
48 47 11
47 16 6
46 33 11
48 17 45
16 6 44
26 11 33
31 12 39
36 19 18
19 36 18
48 46 45
52 48 47
36 37 10
46 45 48
6 26 16
15 16 27
47 15 39
6 55 14
17 39 26
46 33 17
51 42 16
7 39 25
19 18 16
26 54 27
21 16 55
17 12 33
18 36 19
48 17 11
49 51 32
37 23 6
55 42 47
36 46 22
22 6 47
51 20 49
17 39 32
16 39 23
6 10 18
29 54 50
15 11 22
6 15 55
32 36 42
13 48 47
48 45 47
48 45 47
48 45 10
28 37 14
17 39 32
51 49 14
9 22 11
36 15 30
42 37 20
22 11 15
35 23 42
47 42 11
16 29 15
14 11 7
30 35 32
41 44 30
37 10 6
45 48 13
51 49 12
9 11 22
33 26 54
27 11 14
6 48 47
16 30 15
20 55 51
6 15 55
48 45 16
15 54 10
6 51 32
51 49 12
9 7 15
51 20 19
26 44 41
12 50 18
11 9 22
41 38 10
48 47 39
48 11 13
15 7 37
33 29 11
29 31 10
36 30 11
42 20 6
47 14 11
10 29 6
51 31 12
11 46 47
48 11 17
51 49 30
9 18 19
7 25 16
48 46 45
42 46 48
30 33 12
7 25 32
17 39 36
30 32 12
41 10 6
54 51 14
47 17 45
11 20 14
6 16 14
46 22 38
10 6 25
16 22 6
47 46 6
6 14 21
39 11 37
47 6 38
17 39 29
6 39 24
17 32 39
22 39 6
30 33 11
42 22 10
12 33 32
17 14 11
39 25 46
46 48 10
7 11 37
48 47 45
51 49 18
11 22 6
42 47 13
16 15 55
18 46 19
46 11 47
19 36 32
43 14 33
6 55 15
19 30 36
11 22 39
38 16 6
29 30 43
25 26 11
37 12 42
39 42 22
46 17 24
48 47 52
39 47 22
19 18 9
11 14 7
27 17 26
7 16 15
36 19 18
28 54 35
15 16 6
45 48 11
15 35 21
14 50 16
48 47 54
