35 6 23
16 23 10
42 16 37
48 22 13
36 9 54
11 42 14
6 21 55
26 28 25
11 22 10
27 54 11
12 33 46
23 54 48
16 6 55
21 49 51
17 48 54
42 21 27
17 6 39
46 24 18
48 47 45
10 12 36
16 55 15
32 49 36
23 54 36
49 54 51
51 49 21
48 7 52
6 54 22
16 6 15
12 32 36
26 24 7
13 48 47
22 47 21
46 48 11
26 23 11
9 48 52
26 16 28
51 32 49
10 6 47
37 6 35
51 49 18
49 10 51
36 32 18
22 11 42
21 49 51
10 7 25
26 24 15
12 30 19
42 22 21
26 54 28
51 49 21
16 21 6
47 42 48
26 27 28
42 11 20
33 46 12
16 15 55
48 45 17
26 28 29
51 49 18
22 42 11
26 24 23
42 22 21
48 45 47
10 14 20
18 19 36
46 10 16
52 22 48
29 32 33
42 6 11
18 12 19
36 23 48
38 7 37
37 16 35
21 55 37
48 22 16
51 49 30
49 21 51
15 55 16
48 22 17
16 6 55
48 10 47
49 51 54
49 51 12
42 27 6
49 12 51
11 22 12
19 18 30
29 16 23
47 11 26
46 19 18
14 55 21
19 36 18
9 36 23
48 22 11
16 29 27
12 20 43
51 49 20
7 14 16
26 23 54
17 24 36
22 11 48
16 6 7
26 23 25
6 22 38
17 46 18
22 6 11
41 6 42
47 7 48
9 18 19
6 20 21
47 48 45
22 23 10
6 23 54
29 9 33
44 21 28
16 15 7
49 12 21
48 45 47
43 54 21
16 55 21
27 26 16
48 45 13
23 54 7
47 38 22
16 55 26
51 49 54
36 32 17
47 46 22
16 42 55
14 21 11
48 45 11
16 6 42
6 32 37
16 47 42
24 47 17
46 48 54
27 16 23
36 42 39
43 21 20
17 48 23
28 26 27
32 47 51
48 45 47
19 18 36
46 48 45
47 46 10
13 48 45
21 17 32
49 12 18
17 23 36
39 9 52
48 45 13
26 28 44
36 18 19
6 8 9
49 21 14
16 7 37
18 19 17
47 23 26
6 16 55
19 18 30
20 9 12
29 6 26
48 47 45
36 37 54
11 42 22
48 9 22
49 32 16
48 22 45
15 16 7
6 7 55
17 6 39
48 45 16
17 36 32
11 36 23
22 6 46
6 10 22
36 18 19
36 23 54
54 23 26
46 33 12
48 45 47
36 21 54
11 22 10
21 9 10
37 16 55
23 26 6
17 23 54
11 22 39
51 49 32
26 24 11
46 48 47
54 26 7
23 14 36
15 23 6
6 37 49
15 55 16
6 23 16
36 19 18
32 30 43
16 26 42
51 20 49
35 37 54
48 45 47
14 7 9
49 51 32
36 6 42
17 48 23
14 49 42
13 48 11
48 45 47
16 42 55
42 11 22
21 23 37
17 10 6
51 54 49
49 51 12
19 18 17
16 15 55
17 10 47
48 39 36
49 21 6
16 15 55
27 21 54
46 38 14
26 29 27
48 46 45
17 36 23
17 36 19
21 16 44
10 12 20
46 6 36
16 15 23
19 18 11
7 16 42
20 12 10
38 22 11
47 48 45
16 23 42
26 54 23
16 48 22
48 45 47
27 54 6
13 48 47
27 26 35
12 33 30
29 26 28
37 47 16
29 26 41
46 24 33
51 49 21
14 36 7
17 36 32
16 15 7
48 45 13
48 13 54
49 21 32
16 42 11
48 10 16
46 22 16
48 47 45
41 44 28
6 23 42
6 16 55
10 16 9
10 14 47
48 45 13
11 22 48
6 16 55
48 6 13
6 10 36
14 49 51
16 15 23
19 36 18
24 22 7
48 45 22
36 11 9
10 7 11
51 49 20
16 7 23
49 32 51
6 17 23
16 6 42
26 24 54
6 35 10
20 23 24
54 26 11
6 41 28
10 15 29
24 39 11
9 36 32
10 54 38
48 10 6
22 11 42
15 16 6
17 24 39
48 45 13
42 16 23
48 45 47
6 36 21
22 11 42
11 42 22
6 55 7
46 48 45
26 28 29
7 32 36
14 10 42
10 16 21
26 6 54
36 11 48
26 54 7
6 36 42
51 20 49
12 33 36
16 36 15
44 26 41
49 51 10
12 36 11
24 46 11
49 14 54
48 45 13
23 6 21
41 6 21
17 24 39
21 17 39
42 23 6
26 21 28
48 46 45
46 19 18
21 43 32
9 36 20
26 24 23
51 14 20
26 23 24
22 52 11
48 22 47
17 48 10
20 10 6
43 32 21
16 7 42
26 54 10
22 7 11
21 10 37
46 9 36
16 27 6
6 21 10
30 19 18
48 45 13
48 13 6
16 27 55
46 24 48
48 45 54
44 16 28
15 26 24
39 32 36
19 34 9
18 19 36
46 48 45
48 45 47
36 10 24
46 48 45
16 28 26
16 21 27
48 45 11
22 6 7
24 7 26
24 46 33
21 49 14
11 21 23
19 6 12
26 27 54
16 6 10
33 18 19
18 19 36
48 7 36
49 51 32
16 23 37
16 42 55
36 11 22
47 48 6
51 10 20
17 39 36
16 7 22
54 23 6
29 32 26
6 10 36
15 16 6
21 36 32
48 45 47
48 45 13
48 45 23
48 45 46
37 25 26
17 39 32
51 49 36
9 20 7
36 37 23
21 20 42
14 23 39
37 21 54
47 48 38
16 15 6
11 14 54
54 11 23
41 6 21
37 6 10
48 22 42
21 20 49
7 36 20
54 26 42
26 27 35
47 48 13
54 17 15
20 36 21
6 16 37
48 45 13
16 23 15
6 21 55
49 51 12
9 39 36
12 51 49
44 26 41
12 49 38
9 36 14
41 6 21
48 45 22
47 48 13
15 16 7
12 29 33
29 12 26
36 23 11
21 37 6
6 23 47
6 10 29
32 54 49
46 48 47
9 54 48
49 51 32
36 19 18
6 23 16
48 45 47
48 45 13
12 33 43
21 6 27
17 39 36
43 21 32
26 28 41
54 49 51
39 10 47
20 14 10
16 42 6
46 48 22
16 15 7
16 10 55
22 46 38
21 32 6
11 36 23
47 6 38
17 32 33
52 6 54
17 36 24
22 23 14
12 11 21
42 6 22
12 33 30
26 29 28
24 22 11
48 46 45
26 7 25
48 17 45
51 49 14
11 42 23
16 42 22
16 15 55
46 19 18
13 11 46
19 18 17
20 32 36
16 6 55
36 30 14
48 45 22
16 6 21
29 32 33
25 26 54
20 54 21
22 52 39
24 46 7
48 45 47
42 11 6
7 19 17
26 54 23
26 24 23
16 15 7
18 36 19
37 42 54
16 6 15
48 45 22
16 54 37
32 20 21
48 6 45
