6 27 35
16 17 11
16 37 42
22 47 46
9 7 22
22 11 54
6 35 21
26 35 37
22 11 21
6 11 47
12 46 37
52 16 14
20 6 16
51 49 16
17 45 48
55 21 11
17 24 18
46 19 24
10 47 35
46 35 36
55 16 15
32 43 51
46 23 17
51 49 20
51 20 21
52 39 48
47 6 54
6 16 35
12 54 23
26 15 35
47 13 20
7 22 21
46 47 48
7 14 47
48 11 46
26 55 20
51 49 54
47 22 42
37 23 7
54 51 49
49 51 32
36 55 14
11 47 46
49 21 6
35 10 55
26 35 7
19 12 14
42 22 21
26 14 15
51 49 43
27 16 6
47 14 16
7 35 27
11 17 42
46 33 12
23 32 15
48 9 54
25 26 28
49 19 21
38 47 11
25 26 15
22 42 21
45 48 47
35 7 11
19 36 18
46 55 35
55 6 47
29 33 43
47 21 11
46 36 9
17 19 18
16 38 36
47 37 35
20 38 27
35 16 7
51 49 20
49 51 21
55 15 10
52 48 47
16 55 37
47 13 55
51 49 19
49 51 36
27 42 55
49 51 12
11 32 14
12 30 19
15 54 23
35 47 11
18 46 23
22 32 20
36 18 17
8 17 36
17 11 47
47 35 11
43 20 14
51 54 20
17 37 26
54 23 7
17 39 33
13 22 45
6 55 37
26 15 54
34 50 36
18 19 46
6 47 22
35 6 55
47 45 48
9 36 32
20 6 27
47 45 11
55 22 6
6 35 15
54 29 46
37 44 21
22 54 7
51 16 49
48 45 46
43 54 20
6 36 23
27 28 29
48 47 22
7 26 23
47 46 38
16 15 26
51 54 20
47 17 11
47 46 6
23 16 55
21 14 55
7 35 11
55 16 42
23 14 35
16 47 46
47 37 14
46 47 45
27 26 16
17 35 7
43 20 21
17 18 19
35 27 7
21 43 55
47 48 54
17 19 18
46 45 48
47 14 37
47 7 54
17 32 43
49 19 51
17 54 32
45 16 14
48 46 22
26 6 21
36 19 18
8 18 19
51 49 21
23 37 6
36 9 18
47 17 14
6 10 55
18 30 36
9 36 7
6 10 55
47 48 46
36 46 18
11 22 15
23 22 45
16 32 51
54 45 48
15 55 29
6 55 27
17 42 22
16 47 35
17 32 43
11 54 21
46 47 38
22 11 21
36 32 19
36 46 54
54 35 7
46 12 45
47 11 46
36 46 54
11 22 7
55 12 23
15 35 16
14 23 21
17 11 14
11 21 47
51 49 54
7 26 11
11 46 6
54 35 7
11 47 36
35 24 15
21 51 37
55 15 37
6 23 36
36 18 19
32 43 17
47 11 26
51 37 14
35 27 7
45 48 47
9 14 11
49 51 43
6 22 37
17 51 47
54 32 51
47 11 48
48 45 47
16 7 42
11 22 46
21 23 42
17 39 36
51 43 49
51 49 55
19 18 8
23 55 16
47 45 11
24 11 14
51 12 32
16 15 55
27 21 55
46 18 47
27 16 29
46 48 7
17 35 15
17 39 36
22 21 16
54 22 14
46 6 55
16 55 15
19 18 55
17 16 7
51 14 20
22 7 14
47 48 22
16 39 54
26 54 7
35 46 47
45 48 47
27 55 37
47 48 13
32 35 27
12 30 33
26 35 29
35 27 47
26 47 21
46 24 12
51 49 6
36 46 23
17 39 11
16 35 23
48 47 46
48 54 17
49 51 19
47 16 11
48 47 46
46 47 48
47 48 7
41 37 44
22 17 20
55 6 10
9 54 35
47 46 20
47 48 11
22 7 46
6 55 35
47 11 13
6 20 35
51 49 21
6 16 23
19 36 17
35 22 47
48 45 23
36 55 14
11 37 23
51 12 49
17 18 23
43 21 51
17 24 39
6 55 10
7 26 35
51 49 7
22 11 17
35 54 7
16 6 55
55 10 15
35 39 54
18 36 19
23 37 46
47 11 42
22 47 11
15 6 55
17 39 7
47 46 48
16 42 23
48 22 47
27 6 55
11 6 22
17 11 22
55 35 6
46 45 48
26 35 15
7 11 54
10 55 14
51 21 16
26 54 35
36 46 39
26 35 27
23 34 6
51 43 20
12 54 50
15 36 54
6 21 26
51 49 12
9 36 32
46 24 35
51 49 32
48 47 13
6 35 54
41 44 6
17 39 18
39 17 47
6 35 42
23 16 21
46 48 11
46 18 24
43 21 32
9 32 7
7 35 37
51 20 49
26 15 54
47 11 22
18 19 17
17 18 19
20 55 10
32 43 23
16 6 55
54 14 26
52 39 47
21 37 23
46 36 18
27 6 26
27 6 10
19 30 12
47 48 17
47 11 48
47 23 21
46 11 54
48 45 17
16 44 6
26 15 54
35 36 16
36 18 19
18 19 36
46 45 48
45 47 48
36 14 32
46 9 7
16 26 6
15 35 16
47 15 11
6 47 35
17 46 26
46 33 24
51 49 29
54 7 21
6 55 23
54 7 35
21 42 55
17 11 34
18 36 19
11 17 48
49 54 43
37 23 6
42 55 16
36 11 46
22 47 48
51 20 21
17 39 32
55 16 23
6 18 55
54 50 29
11 15 21
55 6 10
43 32 14
13 48 11
48 45 47
45 47 23
45 48 47
54 37 14
17 32 39
51 49 20
9 22 14
36 54 46
20 42 12
11 39 46
23 44 20
47 16 46
16 10 15
7 11 35
35 11 32
41 22 23
6 54 37
13 45 48
51 49 14
9 22 14
35 54 7
35 7 27
47 13 6
16 22 54
49 29 55
55 6 15
45 48 16
15 54 55
6 21 7
51 49 12
9 7 15
20 51 49
44 23 21
12 23 54
11 14 22
41 35 44
47 48 22
13 11 47
15 55 27
33 29 12
29 49 51
11 14 23
20 55 11
47 14 35
6 10 39
51 54 31
46 11 47
11 52 48
51 54 7
18 19 9
20 37 35
9 48 47
46 48 45
33 43 30
27 35 7
17 39 36
32 43 30
44 41 18
54 51 7
47 54 17
20 47 11
6 16 42
46 7 55
55 6 16
16 22 55
46 47 6
6 21 7
11 21 23
47 6 35
17 39 36
6 11 47
17 39 36
22 39 47
22 43 30
42 22 47
12 33 43
17 26 47
39 35 6
46 48 18
7 35 11
47 48 17
49 21 51
11 27 22
13 47 16
16 55 23
18 46 24
46 11 47
43 36 19
43 14 47
55 6 10
36 8 18
22 10 47
6 38 37
29 43 32
25 26 7
37 20 51
47 11 35
46 39 35
47 11 45
42 21 11
19 18 34
35 7 31
27 7 35
7 15 16
36 18 19
35 7 54
16 15 6
48 45 52
15 21 14
20 14 51
48 45 47
