6 21 7
16 6 11
16 21 37
22 47 46
22 6 7
11 22 14
21 23 6
26 14 25
11 22 21
6 11 14
46 12 24
14 6 11
20 6 55
51 21 16
48 17 23
21 14 16
17 25 24
46 19 37
7 46 48
19 46 23
16 15 20
21 14 51
23 14 46
20 51 14
51 21 37
48 6 45
6 47 11
6 16 21
12 50 16
11 14 26
47 6 11
21 22 11
46 45 48
14 11 23
11 48 46
21 26 6
51 21 49
47 42 14
14 37 16
51 14 23
49 21 51
36 14 11
11 22 47
21 6 49
21 37 14
26 14 11
21 30 23
21 11 22
26 14 37
51 49 21
6 16 21
47 14 11
27 26 25
11 14 21
46 33 14
21 23 6
48 45 6
26 25 37
21 49 23
11 14 47
26 14 25
22 21 11
48 45 47
14 11 21
36 19 14
46 55 14
6 46 47
29 14 43
21 22 47
11 46 33
46 23 48
16 23 14
47 37 16
20 27 14
22 16 46
21 51 20
49 21 51
15 25 6
45 48 11
16 37 6
47 13 11
21 51 14
49 21 51
6 22 27
51 49 21
21 22 14
30 12 21
7 23 16
11 47 14
46 14 23
20 22 14
36 46 14
36 23 29
11 48 22
47 6 48
14 12 20
51 14 21
14 26 37
14 23 13
14 17 36
22 11 45
6 21 23
26 14 6
7 15 50
46 48 6
6 11 14
6 41 23
47 45 48
36 9 17
20 17 6
47 14 11
14 6 22
6 21 14
23 45 36
21 44 16
22 16 23
21 23 51
48 45 46
14 20 43
6 21 16
27 23 16
48 22 47
23 22 11
47 14 46
16 21 26
51 14 20
36 14 11
47 6 46
16 23 21
21 14 11
48 11 14
16 21 23
14 23 6
16 47 37
47 45 14
14 45 47
21 23 26
36 14 17
43 20 21
17 6 48
27 37 28
21 14 51
47 48 6
17 19 46
48 46 45
47 14 15
48 45 47
14 36 17
49 19 12
17 14 48
14 16 39
48 22 46
21 26 16
36 11 18
46 29 36
49 21 51
23 16 6
14 36 20
14 47 11
6 37 55
36 18 12
14 9 37
6 14 16
48 11 47
36 23 46
11 22 21
48 23 45
21 16 23
48 45 11
15 25 21
6 14 21
17 14 21
48 16 47
17 14 11
11 14 21
46 6 47
22 21 11
36 23 19
36 14 23
23 14 37
46 45 12
47 11 48
46 36 14
11 21 22
12 14 23
14 23 21
14 21 23
17 14 11
11 21 39
51 49 21
14 26 11
11 46 6
14 11 26
11 21 23
14 26 54
21 20 37
6 21 15
23 6 21
36 19 14
14 36 43
11 47 16
51 21 14
14 21 23
45 48 47
14 11 22
21 49 51
6 14 11
17 51 14
14 21 6
11 47 48
48 45 46
16 6 7
11 22 13
21 22 23
14 17 23
51 14 21
51 49 14
19 23 33
23 21 16
47 48 11
14 16 45
51 21 6
16 55 37
21 6 27
46 47 7
23 16 47
48 46 45
17 29 23
17 14 36
21 30 22
14 21 11
46 37 55
16 15 55
19 11 46
21 7 11
14 51 17
22 14 7
47 48 6
16 37 21
26 23 15
11 22 48
45 48 47
27 11 16
48 47 11
27 25 33
12 36 14
26 16 17
27 14 16
30 21 26
46 12 11
51 21 49
36 11 23
17 25 11
16 23 6
48 46 47
48 45 17
49 51 21
16 11 47
48 47 16
46 47 48
48 6 7
21 41 37
48 20 17
6 25 16
25 6 14
46 47 6
48 47 11
22 11 7
6 16 21
47 6 11
6 21 14
51 14 21
16 6 23
36 19 14
22 14 47
48 45 23
19 11 14
11 14 21
37 21 12
17 23 14
21 14 51
14 23 11
6 16 55
26 14 37
21 6 51
22 14 11
11 54 14
16 21 23
6 15 21
11 14 39
36 6 21
14 6 23
47 11 45
14 22 11
15 6 16
17 14 11
48 45 46
16 21 23
48 47 11
6 21 51
6 11 22
17 14 11
6 55 23
45 46 48
26 15 14
11 50 14
14 21 6
21 16 14
26 23 47
46 11 22
26 14 50
21 23 6
51 21 14
12 50 11
36 15 16
21 26 23
49 21 51
36 14 23
46 24 11
51 14 21
48 47 11
6 31 14
6 21 41
17 39 14
14 21 11
21 6 26
21 16 23
48 11 46
46 37 23
21 14 43
9 14 22
14 11 26
14 20 51
26 14 11
47 11 14
6 48 22
17 6 48
20 6 14
14 23 21
14 22 21
14 23 26
11 21 47
21 14 6
46 6 36
26 21 6
21 6 55
30 19 23
48 11 47
48 47 11
21 47 16
46 11 16
45 48 23
16 6 44
26 11 14
16 7 14
19 36 46
36 48 37
46 48 45
14 48 47
14 21 36
46 45 48
26 21 16
21 16 26
47 11 15
14 6 47
26 11 45
46 45 14
14 19 21
21 22 11
23 19 16
26 11 23
21 55 16
14 11 17
19 36 46
48 11 6
49 21 46
23 37 16
16 55 23
11 23 22
47 11 22
20 51 21
17 36 14
16 23 46
6 14 37
50 33 15
11 21 14
6 15 55
21 14 23
48 47 14
48 45 6
48 45 47
48 7 46
14 37 21
17 45 39
14 51 21
14 22 16
36 21 23
14 20 21
11 14 23
23 14 37
47 46 11
16 15 6
14 11 13
36 14 21
21 23 41
6 20 11
48 6 45
14 51 21
14 11 22
14 26 23
11 25 14
6 14 47
16 14 22
49 21 37
21 6 16
48 45 11
55 23 47
21 6 51
21 49 14
7 22 23
20 14 21
21 26 23
50 23 12
11 14 22
41 21 23
48 11 47
45 11 48
15 6 55
12 11 14
14 21 51
14 21 11
20 21 6
47 14 21
6 14 16
14 51 36
46 11 47
48 11 23
21 51 6
19 23 45
20 7 21
48 11 45
48 45 46
12 43 30
22 6 21
17 11 14
30 19 43
21 6 14
20 14 51
47 45 14
20 11 14
6 16 14
46 22 7
21 16 14
16 22 23
46 47 6
21 14 23
11 21 23
47 6 48
36 17 14
6 11 39
17 23 39
22 6 14
11 22 21
22 21 37
12 11 36
14 26 11
14 11 6
46 48 23
11 14 37
48 47 17
21 49 23
6 11 48
47 48 21
16 55 23
46 37 18
46 11 48
19 43 30
14 20 21
6 37 21
36 19 23
14 22 11
6 21 22
14 33 29
25 26 14
14 20 21
11 14 22
46 14 11
48 45 47
11 21 22
19 17 22
25 7 26
26 17 14
7 11 23
36 19 46
37 14 11
16 55 6
45 48 11
16 21 14
14 21 20
48 47 11
