21 51 6
16 23 11
16 21 23
47 22 11
9 36 22
21 22 11
21 23 14
26 14 23
22 11 21
14 47 11
46 12 23
14 11 16
20 16 55
21 51 16
17 45 48
21 14 16
17 24 9
46 23 19
48 46 12
46 30 21
21 22 16
21 14 36
14 23 36
51 14 21
21 20 51
48 22 11
47 11 23
21 16 23
12 23 50
14 11 15
47 23 11
21 22 23
46 47 23
14 23 26
48 11 46
21 26 16
21 51 23
47 14 42
14 37 23
21 51 14
21 14 49
14 36 11
11 22 21
21 49 6
21 23 37
15 14 26
21 20 14
22 21 47
26 14 23
51 21 20
21 16 23
47 14 21
14 27 25
11 14 22
33 46 15
23 15 21
48 9 54
26 25 23
21 49 16
21 14 11
14 25 26
22 21 11
45 47 48
14 21 11
19 36 14
46 55 54
47 46 14
29 14 21
21 11 14
46 14 23
17 36 23
16 14 23
47 23 37
21 20 22
46 16 21
21 14 51
21 49 51
15 39 55
48 11 45
16 23 21
47 48 11
21 51 19
49 14 21
23 21 42
21 51 14
14 21 11
12 14 11
14 15 21
47 14 11
23 46 14
22 14 20
36 14 46
23 36 15
11 48 17
47 39 14
43 14 20
51 21 20
14 17 11
23 7 54
14 39 17
11 22 46
21 20 25
14 26 21
15 47 23
46 19 48
47 6 14
18 23 6
47 11 48
14 46 23
20 21 23
47 14 11
14 21 22
21 6 14
23 33 21
21 44 23
22 21 16
21 51 16
48 45 46
14 21 20
16 21 6
27 23 6
21 48 47
23 11 14
47 46 14
21 16 23
21 14 51
17 47 11
47 11 46
23 16 20
21 14 22
48 11 14
16 23 21
23 14 39
16 47 55
14 47 45
46 47 14
21 16 23
21 17 23
21 20 43
17 47 45
11 27 35
21 14 11
47 48 11
19 17 46
48 46 14
47 14 11
47 48 11
14 17 36
49 51 12
17 14 36
14 7 16
48 11 46
21 26 16
19 11 14
29 23 36
51 21 14
23 16 37
14 36 23
14 47 11
6 16 55
30 14 36
14 20 37
23 6 21
48 47 11
36 23 21
11 21 22
23 48 14
21 16 51
48 45 21
15 21 39
21 6 14
17 21 22
16 46 47
17 14 43
21 11 14
46 47 21
21 22 14
36 14 46
36 14 23
23 54 14
46 12 45
47 46 11
36 23 46
21 22 11
12 21 22
23 21 15
21 14 23
17 11 14
11 47 21
51 21 14
14 11 26
11 48 46
11 14 23
21 14 11
14 26 47
21 51 20
15 21 55
21 23 37
14 36 19
14 21 17
11 47 21
14 51 21
23 21 14
45 48 47
14 22 23
21 51 49
14 22 6
17 39 11
21 14 51
47 11 48
48 46 45
16 21 15
22 11 21
21 23 22
39 14 17
51 21 14
51 14 12
19 23 12
23 21 16
11 47 45
14 45 7
21 51 12
47 23 16
21 14 16
46 14 47
23 21 16
46 48 45
17 29 23
39 17 14
21 22 16
14 21 12
46 14 47
15 16 23
19 11 14
21 16 23
14 51 20
22 14 21
47 14 48
16 21 23
23 14 26
22 47 48
45 48 47
27 14 11
47 48 11
27 23 34
12 14 17
26 46 14
27 23 14
14 26 21
46 14 12
21 49 51
36 14 23
17 39 23
23 16 37
48 46 47
48 47 11
51 21 49
47 14 16
46 48 16
46 47 48
47 48 22
21 37 23
21 14 22
6 14 16
15 14 23
46 47 20
48 47 11
23 14 21
16 14 6
47 11 14
21 6 14
21 51 23
16 23 6
23 14 36
22 14 47
48 23 45
14 36 19
21 11 14
20 21 14
17 23 54
21 14 51
14 17 11
16 21 39
26 23 14
21 51 14
22 14 11
11 14 54
16 21 14
39 15 14
14 26 39
36 14 21
14 23 46
47 11 14
22 14 21
23 15 16
14 23 21
48 46 47
16 21 23
48 11 14
21 12 14
11 6 22
11 39 14
23 55 15
46 45 48
26 14 15
14 11 21
21 14 51
21 14 16
26 14 47
36 46 21
14 26 23
21 16 23
51 21 20
12 50 46
14 16 36
21 23 26
21 49 14
36 14 23
46 11 14
51 21 14
48 47 11
6 21 14
6 14 21
17 39 23
14 21 47
21 22 26
21 23 16
48 11 46
46 23 37
21 14 11
9 14 36
14 11 23
14 20 21
14 26 15
47 11 22
34 22 47
17 39 23
20 14 21
14 21 23
21 22 14
14 23 54
11 39 21
21 23 14
46 14 36
21 26 16
21 14 27
19 23 49
48 47 11
47 11 48
21 47 23
46 11 14
45 48 23
16 21 23
15 26 14
47 16 14
19 14 36
36 14 19
45 48 46
14 47 48
14 36 21
45 46 48
21 16 23
15 16 21
47 14 11
6 14 55
46 11 39
46 33 17
14 21 51
21 14 22
23 21 12
23 26 28
21 11 20
11 14 39
36 19 14
48 11 45
49 14 21
23 37 16
16 47 11
36 11 14
47 14 11
20 21 51
17 14 39
23 16 46
14 22 6
15 14 50
11 14 21
23 15 16
14 21 11
48 11 47
45 48 47
47 45 48
48 23 47
14 21 37
17 39 14
51 14 21
14 20 22
36 21 14
21 14 20
14 11 21
23 21 14
47 14 46
16 15 21
14 11 48
21 14 11
21 14 22
21 6 46
48 45 47
51 23 14
14 22 11
14 23 54
14 11 27
47 21 22
22 16 23
21 20 46
21 15 14
48 45 11
23 47 55
21 14 23
21 14 51
9 22 23
21 20 14
21 26 44
23 12 50
14 11 22
21 37 23
48 47 11
11 47 21
15 37 14
11 14 12
14 20 49
21 14 11
20 21 53
47 14 11
39 6 16
21 14 51
46 47 11
48 11 45
21 51 14
19 14 9
21 20 14
48 45 46
46 48 45
43 12 14
21 22 7
17 36 14
30 14 51
21 23 14
21 14 51
47 14 45
20 14 11
16 14 21
46 22 14
21 14 15
16 22 21
47 46 14
21 14 23
11 21 23
47 6 46
17 39 14
39 14 11
17 14 36
22 47 14
21 22 12
21 22 47
12 11 21
14 17 47
14 39 22
48 46 21
11 14 22
48 17 47
21 51 49
21 11 14
47 21 16
16 23 15
46 23 18
46 47 11
43 19 36
14 23 20
23 15 21
36 21 11
11 47 14
21 23 6
29 43 14
25 23 14
21 20 14
14 11 47
46 17 14
48 47 14
21 11 22
19 14 46
23 25 7
14 17 23
15 7 21
36 46 19
14 23 21
16 6 23
48 45 11
14 16 21
21 14 20
48 47 11
