21 6 23
16 14 23
14 16 21
11 48 14
11 14 23
14 11 23
21 23 6
14 23 11
11 21 14
48 11 14
14 11 21
6 14 47
6 14 21
14 21 6
17 14 23
14 21 23
14 11 12
46 23 14
21 14 6
23 14 21
16 21 23
21 49 14
14 23 11
11 14 21
21 51 49
14 47 6
6 47 11
6 16 23
14 12 21
11 14 23
48 47 14
14 21 23
11 48 14
14 11 23
6 14 11
21 16 23
14 21 23
14 11 6
14 16 23
14 23 21
14 11 12
11 14 23
6 14 47
49 21 14
21 23 16
14 26 11
21 14 49
21 14 23
14 23 26
14 21 11
21 16 6
14 47 11
14 11 23
14 11 23
14 21 11
21 16 23
48 11 14
26 23 14
14 12 49
14 11 21
14 23 11
21 14 23
47 48 6
11 14 23
14 23 21
14 21 23
6 21 14
14 11 23
14 21 23
11 14 48
14 23 11
14 21 23
16 47 23
21 14 23
21 6 48
14 21 51
21 49 14
21 16 23
48 14 11
16 6 23
47 14 16
49 21 14
14 21 49
6 14 23
21 14 49
14 11 23
14 21 12
14 11 23
48 47 45
14 46 23
14 21 36
14 23 21
14 23 21
48 14 11
14 6 16
14 21 12
21 14 51
14 11 23
14 23 6
14 11 21
11 14 6
21 23 6
21 14 23
6 14 23
46 17 36
6 11 14
6 14 21
48 47 11
14 11 23
20 21 14
48 47 45
21 14 6
21 23 6
23 14 36
21 6 23
16 23 21
14 11 12
48 47 45
14 21 20
6 14 21
21 23 16
48 6 47
21 14 23
11 14 21
16 21 23
14 49 21
14 23 11
11 48 14
14 6 21
21 14 23
48 45 11
21 16 14
21 14 6
16 21 22
14 47 48
14 11 46
21 16 23
14 11 21
14 21 20
17 14 23
14 23 21
14 21 47
48 14 11
6 14 23
48 11 46
14 21 46
48 47 14
14 11 23
21 49 14
23 14 21
14 21 23
48 47 45
16 26 23
16 21 14
14 23 21
21 51 49
23 6 21
14 36 23
47 11 14
6 14 23
14 21 49
14 23 21
6 14 21
48 11 14
14 36 23
14 11 23
14 11 17
21 14 23
48 21 22
16 14 21
21 23 14
14 48 23
48 45 23
14 23 11
14 11 23
14 6 11
14 21 11
14 11 23
14 23 36
14 26 23
14 21 23
48 47 14
36 14 23
14 21 23
14 21 23
16 23 21
21 23 14
14 11 17
11 14 21
21 14 51
14 11 23
47 14 11
14 11 23
14 11 23
14 23 21
21 14 23
21 23 16
16 23 21
11 48 14
14 21 11
16 21 26
21 14 49
14 11 23
48 45 47
14 11 23
49 21 14
6 14 23
14 23 17
14 21 6
48 11 14
47 14 48
11 14 48
11 14 21
21 16 14
14 11 23
14 11 21
21 14 49
14 17 23
21 23 16
14 17 23
14 23 11
14 21 51
14 23 16
21 14 6
14 21 11
21 23 16
21 23 14
11 14 17
17 14 23
21 23 14
14 21 12
14 6 21
6 23 16
14 21 11
14 21 23
14 21 23
14 11 48
48 11 47
16 21 23
23 14 16
48 11 47
48 47 11
6 14 21
48 47 45
23 14 16
14 11 23
14 23 16
48 47 23
26 21 16
14 11 23
12 21 14
14 23 21
17 14 36
16 23 37
48 11 47
48 47 6
21 14 49
16 11 14
48 47 11
14 21 6
48 11 47
21 23 26
14 21 23
14 6 21
14 21 23
47 14 23
48 47 11
48 11 14
6 21 14
48 11 47
6 21 14
21 14 49
6 14 23
36 17 14
14 21 23
48 14 11
14 11 21
14 21 23
21 14 20
14 23 11
14 21 23
14 11 23
14 6 16
26 14 11
16 6 23
14 11 21
14 11 23
21 16 6
21 23 6
14 11 23
11 14 48
14 23 16
14 11 23
14 23 21
16 21 23
14 23 17
48 47 11
14 11 21
14 11 23
6 21 14
6 14 11
14 23 16
6 21 23
14 48 11
14 26 23
14 11 23
14 6 23
14 21 11
23 6 14
11 14 21
23 14 11
21 14 23
14 21 23
14 12 21
16 14 36
21 26 23
21 11 14
14 11 23
14 11 23
21 14 23
48 11 47
21 14 6
21 6 23
17 14 23
21 14 22
21 14 23
16 21 26
11 47 48
14 16 23
14 23 21
14 36 23
14 11 23
14 21 20
23 14 21
14 17 21
14 48 11
14 23 21
14 21 23
21 14 23
14 11 21
14 23 11
11 48 14
21 23 26
21 11 14
21 16 23
21 23 16
14 12 21
14 47 48
48 11 47
16 23 21
14 11 23
14 11 48
21 16 23
14 11 15
21 14 11
36 14 23
48 14 21
46 48 45
14 6 21
14 23 36
11 48 14
14 11 6
16 21 23
14 23 48
14 16 6
14 23 16
11 14 23
14 21 23
14 21 11
23 6 14
14 11 23
16 21 23
14 23 17
14 6 23
14 11 48
21 14 23
23 16 6
14 11 22
11 14 21
14 6 11
14 51 21
17 14 21
21 16 22
6 23 21
11 14 23
14 21 23
21 16 23
21 14 6
48 47 45
48 11 47
48 21 23
48 21 23
21 14 23
14 23 36
21 14 51
14 11 23
14 11 21
14 21 20
14 21 23
21 23 16
48 11 14
21 6 16
14 11 23
14 23 11
6 21 14
6 23 14
11 6 48
14 21 49
14 11 23
14 23 26
14 23 11
48 14 11
14 23 16
21 49 51
6 14 21
48 47 45
6 23 14
21 6 14
21 14 23
11 14 23
14 11 21
26 23 16
14 23 21
14 11 23
21 23 14
48 11 14
48 47 11
14 23 21
14 11 21
14 23 11
14 23 21
20 16 23
14 21 23
14 21 23
14 21 23
11 48 14
23 14 6
21 49 23
36 14 23
21 14 23
48 16 14
48 47 11
14 21 23
21 16 23
14 17 23
14 23 21
21 14 23
14 21 12
14 23 47
20 14 21
6 21 23
11 14 21
6 21 15
14 21 11
47 48 11
6 14 23
14 11 23
14 16 6
14 11 23
6 14 23
14 23 11
21 14 22
14 21 23
21 14 23
14 21 12
11 23 14
14 11 21
14 12 23
14 11 23
17 14 21
14 21 12
14 11 23
6 21 16
16 23 21
14 23 21
11 47 14
17 21 14
14 21 20
6 16 21
23 14 21
48 45 47
21 14 23
11 23 14
14 23 11
14 21 20
14 47 11
11 14 23
47 48 14
21 14 23
6 14 16
14 23 26
14 23 11
14 23 21
14 36 21
14 23 21
16 6 23
48 11 14
23 14 21
14 21 20
48 47 11
