21 14 6
16 14 55
16 21 23
48 11 22
14 36 22
14 11 21
21 23 6
14 26 11
11 21 14
14 11 23
12 46 14
14 11 23
16 20 55
21 14 16
17 48 14
14 21 16
17 11 14
46 23 19
47 16 14
14 12 23
16 21 22
14 21 32
14 23 36
14 51 21
51 21 14
48 14 45
11 22 14
6 16 21
12 14 11
14 11 15
48 14 11
21 14 22
46 48 14
14 11 23
48 11 14
21 16 23
49 21 14
47 14 22
14 16 23
14 49 21
21 14 49
36 14 23
11 14 21
21 49 14
21 23 14
14 15 11
20 14 21
21 14 22
26 14 11
51 21 14
21 16 23
47 14 23
14 11 26
11 14 21
14 11 46
21 23 16
48 45 14
26 14 29
21 49 51
14 11 21
14 11 26
22 21 14
48 47 11
14 11 23
14 36 23
46 16 14
46 14 22
29 14 21
21 14 22
14 11 36
14 36 11
14 16 21
47 14 16
14 21 16
16 22 48
51 14 21
21 49 51
15 21 16
48 45 14
16 23 55
48 47 14
21 14 49
49 21 14
6 42 23
21 14 49
11 14 21
14 12 21
14 15 16
14 47 11
46 23 14
14 22 21
36 23 14
14 23 19
11 48 14
14 47 16
14 20 23
14 21 20
14 11 48
14 23 11
14 17 36
11 48 22
21 6 16
14 11 26
14 21 23
46 14 17
11 14 6
23 6 16
48 47 11
36 14 23
20 21 6
48 47 14
22 14 21
21 14 6
14 23 16
21 44 14
16 14 21
21 14 12
48 45 47
14 21 20
16 23 14
16 23 27
48 47 14
14 23 11
47 14 11
16 21 23
14 51 21
14 36 11
47 11 48
16 23 21
21 14 11
14 48 11
16 23 21
14 23 21
16 47 14
14 47 11
46 14 48
21 16 23
14 21 11
21 14 43
17 23 14
23 26 28
21 14 16
48 14 47
36 14 23
46 48 45
47 14 46
48 47 14
14 21 17
49 12 21
17 14 11
14 23 11
48 45 47
21 16 23
36 14 11
36 16 23
14 21 49
23 16 21
14 36 23
14 47 11
6 55 16
14 21 12
14 36 12
14 6 16
48 47 11
36 14 23
22 11 21
14 48 23
16 21 14
48 14 11
15 16 14
6 21 14
14 17 11
16 48 47
17 14 23
11 14 21
11 47 46
21 11 14
36 14 23
14 36 23
14 11 23
46 12 14
47 48 11
36 14 23
21 14 11
14 21 11
23 16 21
14 23 21
11 17 14
11 22 21
51 21 14
14 11 26
46 48 11
14 11 54
14 11 23
14 11 15
21 51 14
21 15 16
23 21 6
36 14 23
14 21 12
21 16 14
14 51 21
14 21 16
48 45 47
14 11 23
49 21 51
14 23 21
14 11 17
21 14 11
48 47 11
48 45 47
16 14 23
22 11 21
21 23 16
14 11 21
14 51 21
14 21 49
19 18 14
23 16 15
47 11 48
14 48 16
21 14 23
16 14 47
21 23 16
46 14 23
23 26 29
46 48 45
17 11 14
14 17 36
21 16 23
14 20 21
46 16 14
16 15 23
36 16 23
21 16 14
14 20 21
14 11 22
47 48 14
16 21 23
14 23 21
48 16 11
48 47 45
27 21 14
48 47 14
14 23 11
12 14 21
14 16 26
14 16 23
21 14 26
46 14 11
21 14 51
14 36 23
14 17 11
16 23 15
48 46 45
48 45 47
21 49 51
16 23 14
48 16 47
46 11 48
47 48 45
21 16 14
20 11 14
6 14 16
14 15 16
47 14 46
48 47 11
11 22 48
6 16 14
48 11 47
21 14 6
14 21 23
23 16 14
36 14 23
22 14 11
48 14 45
36 14 11
14 11 21
51 21 14
14 23 16
21 14 49
14 11 17
16 6 21
14 26 11
21 14 23
14 11 22
14 11 54
16 21 6
15 14 21
14 11 22
36 14 23
14 16 20
11 48 47
14 11 21
16 15 23
14 17 11
48 46 47
16 23 21
48 45 14
21 14 6
11 22 48
11 14 22
6 23 16
46 48 45
26 14 23
14 11 23
14 21 16
21 14 16
14 23 26
21 36 14
14 11 26
21 23 6
14 20 51
12 14 11
36 16 14
21 23 14
49 21 51
14 23 36
46 14 11
14 21 49
48 47 11
6 21 14
21 6 14
17 23 14
14 21 11
21 6 14
21 16 23
48 46 11
46 23 14
14 21 43
9 14 36
14 11 23
14 20 21
14 26 11
14 11 47
47 11 14
17 47 48
21 20 14
14 21 23
16 14 21
14 11 23
22 14 11
21 14 16
36 46 14
21 16 20
21 14 6
12 14 21
48 45 47
48 11 47
21 16 23
46 11 14
48 45 14
16 23 21
26 14 11
16 36 14
36 14 16
36 23 48
46 48 45
14 48 47
14 23 36
48 46 45
21 16 14
16 21 14
48 11 47
47 6 21
14 11 48
46 14 12
14 21 16
21 14 11
14 23 6
14 26 11
21 16 14
14 11 17
36 14 23
48 11 14
49 51 21
23 16 37
16 23 14
36 14 11
48 47 14
20 21 14
14 17 39
16 23 21
14 6 52
14 29 23
14 11 23
15 16 14
14 21 23
48 11 47
48 45 11
48 45 23
48 45 23
37 14 23
17 14 11
51 21 14
14 22 11
14 36 23
14 21 20
14 11 21
23 21 16
14 47 48
16 15 29
14 11 23
14 11 23
21 23 6
23 14 6
48 11 14
21 14 49
14 11 22
14 11 23
14 11 26
48 11 47
14 47 16
21 51 20
21 14 6
48 45 47
14 16 55
21 14 23
21 14 23
14 22 11
14 20 21
21 26 44
21 12 23
14 11 9
21 41 23
48 11 14
47 48 11
15 16 14
12 14 11
14 21 12
14 11 21
20 21 6
14 47 11
14 29 6
14 21 11
46 47 11
14 48 45
49 14 21
36 14 16
21 20 16
48 47 14
48 11 45
14 12 21
21 16 14
17 14 11
14 21 32
21 23 14
14 21 20
47 14 48
20 14 21
14 16 6
46 22 48
15 16 21
16 23 14
46 48 47
21 23 14
11 21 14
47 46 14
14 21 17
47 14 11
17 14 11
22 14 21
21 11 14
21 14 22
12 14 11
26 16 14
14 22 11
46 48 45
14 11 26
48 17 47
21 14 23
11 21 14
16 47 14
16 15 14
46 23 19
11 46 14
36 14 43
14 20 21
16 6 55
14 36 23
48 11 22
21 16 6
14 29 32
14 26 11
21 14 20
14 22 11
14 46 11
48 47 14
21 11 22
14 36 11
14 11 23
14 11 23
16 15 21
36 14 23
14 23 21
16 6 55
48 45 11
16 21 14
14 20 21
48 11 14
