14 21 16
14 47 11
14 47 48
14 48 11
14 23 11
14 11 21
14 21 23
14 21 11
14 21 23
14 11 48
14 21 11
48 14 47
14 21 23
48 14 47
36 14 11
14 11 48
14 17 23
14 21 11
14 48 11
14 23 21
14 21 23
14 21 23
14 17 11
14 11 23
14 20 21
14 48 11
14 48 11
21 14 16
14 21 11
14 11 26
14 48 11
14 21 23
14 11 48
14 21 16
14 11 23
14 21 23
14 23 21
14 11 48
14 21 23
14 23 11
14 11 21
14 11 21
14 11 48
14 21 51
21 14 23
14 11 23
14 21 23
14 21 16
14 11 26
20 14 51
21 14 16
48 14 11
14 23 11
14 48 47
14 21 49
21 14 16
14 11 48
14 11 22
14 21 23
14 11 48
14 23 21
21 14 23
48 14 47
14 11 47
14 11 21
14 11 21
14 48 11
14 21 23
14 21 23
14 11 48
14 17 23
14 11 23
14 21 16
21 14 23
20 14 21
14 11 23
14 21 20
21 14 20
14 11 48
21 14 23
14 48 11
14 49 21
14 49 51
14 21 23
14 21 23
14 21 23
14 23 21
14 21 23
14 11 47
14 11 23
14 11 21
14 17 23
14 17 11
14 23 21
21 14 23
20 51 14
14 21 16
14 11 17
14 11 48
14 11 23
14 48 11
14 21 23
14 11 48
14 21 23
14 11 23
14 48 11
14 48 47
14 11 47
14 11 36
21 14 23
48 47 14
14 21 16
14 21 23
14 36 23
21 14 23
14 11 23
14 51 49
14 21 11
20 51 14
14 11 48
14 21 23
21 14 23
21 16 14
48 11 14
21 16 14
14 21 11
14 11 23
14 48 11
14 11 48
14 21 23
14 11 48
14 21 48
14 21 23
14 21 20
14 11 23
14 11 21
14 21 23
14 21 23
20 14 21
14 17 11
21 14 16
14 21 16
14 11 48
14 48 47
14 11 48
14 11 22
14 21 23
14 11 47
21 14 20
14 17 36
14 23 11
14 11 47
14 21 11
14 23 21
14 23 36
14 12 21
21 14 16
14 11 48
14 11 21
14 21 48
14 21 49
14 23 21
21 14 23
14 48 11
14 23 11
14 11 22
14 11 48
14 21 11
14 23 21
14 23 21
14 21 20
14 11 23
14 11 48
14 36 17
14 11 47
48 47 14
14 21 16
48 11 14
14 17 36
14 21 11
14 21 49
14 11 21
14 23 11
21 16 14
14 21 11
21 14 23
14 21 23
14 11 23
21 14 20
14 21 20
14 11 21
14 21 47
14 23 21
14 11 36
14 23 21
21 16 23
21 14 16
14 21 20
14 11 48
14 11 48
14 48 11
14 20 21
14 11 48
14 11 48
14 11 22
21 14 49
14 21 11
14 11 23
14 11 21
48 14 11
14 11 48
14 11 48
14 11 48
14 23 21
14 11 17
14 23 11
14 21 12
14 11 47
14 21 23
14 11 23
14 11 23
21 14 49
14 21 20
14 21 23
14 11 21
21 14 16
14 21 23
14 21 49
14 36 11
21 14 20
14 11 23
14 21 23
21 14 23
14 20 21
14 11 23
21 14 20
14 11 22
48 47 14
21 14 23
14 11 48
14 11 48
14 11 48
14 21 48
14 48 47
14 23 11
14 21 23
14 11 23
14 23 21
14 21 23
14 11 48
14 21 51
14 23 21
14 11 23
21 14 16
14 48 11
14 48 47
14 21 51
14 47 48
48 14 11
14 11 21
14 48 11
21 14 16
14 11 48
14 11 21
36 14 11
14 11 21
14 11 47
14 47 48
14 11 48
48 11 14
14 21 11
14 21 11
14 11 21
14 11 23
14 21 23
14 11 48
14 21 23
14 11 47
14 20 51
14 36 11
14 21 23
14 11 47
14 21 48
14 11 46
14 21 23
14 11 23
14 11 23
21 14 16
14 21 23
14 11 23
14 11 48
14 21 23
48 14 11
11 48 14
21 14 23
14 11 23
48 14 47
14 11 48
14 11 23
14 21 23
14 47 48
14 21 48
14 21 11
14 48 47
14 21 23
14 11 23
14 11 21
14 21 23
14 26 23
14 21 23
14 11 48
21 16 14
14 21 23
14 21 12
14 36 17
21 14 23
14 21 51
14 11 36
14 11 48
48 14 11
48 14 11
21 14 23
14 21 16
14 23 21
14 11 23
21 14 16
14 21 48
14 11 23
14 11 22
14 11 23
14 36 17
14 11 23
14 11 20
14 21 23
14 11 48
14 21 23
36 48 11
21 14 23
14 21 23
14 22 11
14 11 48
14 11 48
14 21 23
14 21 11
21 14 23
21 14 23
14 21 51
14 11 23
48 14 11
21 14 16
14 11 47
14 11 48
21 14 23
14 26 23
14 11 22
14 47 48
14 48 11
14 11 21
14 21 23
14 11 47
14 23 21
14 21 11
21 14 16
14 11 48
14 21 16
14 12 11
14 21 36
14 21 23
14 11 48
14 21 23
14 26 23
21 14 16
14 11 47
21 14 11
14 11 48
14 11 48
14 21 16
14 21 20
14 23 21
14 48 11
14 21 20
14 11 36
14 21 23
21 14 20
14 26 23
14 23 11
14 21 16
14 11 21
48 14 11
14 11 48
14 23 21
21 14 23
21 14 23
14 11 36
14 21 20
14 11 22
14 23 21
14 21 20
14 21 23
14 11 23
14 47 11
21 14 16
14 11 23
14 11 48
14 11 21
21 14 20
48 11 14
14 21 49
14 21 23
14 48 11
14 21 23
14 11 48
14 23 11
14 21 20
14 21 16
14 11 36
14 23 21
14 21 23
14 21 11
14 11 23
20 14 21
14 21 23
21 14 16
14 11 23
14 21 22
14 11 48
14 11 48
14 11 36
14 21 23
20 14 21
14 36 11
21 14 16
14 11 48
21 14 16
14 12 11
14 48 11
14 11 48
14 21 51
14 11 48
21 14 49
48 14 11
14 11 47
14 21 23
14 11 22
14 11 17
14 11 23
14 21 23
14 21 11
14 11 47
14 23 11
21 14 23
14 11 48
14 11 21
14 21 11
14 11 22
14 21 16
14 21 23
14 11 48
14 11 48
14 21 23
14 17 36
14 48 11
14 21 51
14 21 16
14 21 12
14 23 21
14 11 21
14 21 49
14 11 21
14 11 36
14 51 49
14 11 48
14 11 48
21 14 16
14 21 23
48 47 14
14 11 23
14 21 23
14 21 23
14 11 47
14 48 47
21 14 16
14 20 21
14 11 48
20 14 21
14 11 48
14 11 23
14 11 47
21 14 23
48 14 11
14 11 23
14 23 21
14 21 16
14 21 20
14 11 48
14 21 23
14 11 48
14 21 49
14 11 22
14 11 48
